Running 30s test @ http://127.0.0.1:8081
  1 threads and 1 connections
  Thread calibration: mean lat.: 2.908ms, rate sampling interval: 10ms
  Thread Stats   Avg      Stdev     Max   +/- Stdev
    Latency     1.27ms  354.74us   9.25ms   71.44%
    Req/Sec   212.36     13.93   444.00     99.45%
  Latency Distribution (HdrHistogram - Recorded Latency)
 50.000%    1.26ms
 75.000%    1.50ms
 90.000%    1.69ms
 99.000%    1.93ms
 99.900%    2.51ms
 99.990%    9.26ms
 99.999%    9.26ms
100.000%    9.26ms

  Detailed Percentile spectrum:
       Value   Percentile   TotalCount 1/(1-Percentile)

       0.281     0.000000            1         1.00
       0.868     0.100000          403         1.11
       0.968     0.200000          804         1.25
       1.064     0.300000         1205         1.43
       1.158     0.400000         1601         1.67
       1.258     0.500000         2000         2.00
       1.303     0.550000         2200         2.22
       1.352     0.600000         2401         2.50
       1.391     0.650000         2605         2.86
       1.441     0.700000         2801         3.33
       1.497     0.750000         3002         4.00
       1.525     0.775000         3103         4.44
       1.554     0.800000         3203         5.00
       1.584     0.825000         3303         5.71
       1.619     0.850000         3400         6.67
       1.666     0.875000         3501         8.00
       1.682     0.887500         3555         8.89
       1.695     0.900000         3604        10.00
       1.712     0.912500         3654        11.43
       1.730     0.925000         3700        13.33
       1.746     0.937500         3750        16.00
       1.755     0.943750         3778        17.78
       1.764     0.950000         3802        20.00
       1.780     0.956250         3826        22.86
       1.800     0.962500         3850        26.67
       1.822     0.968750         3876        32.00
       1.832     0.971875         3887        35.56
       1.845     0.975000         3901        40.00
       1.856     0.978125         3914        45.71
       1.863     0.981250         3926        53.33
       1.879     0.984375         3937        64.00
       1.889     0.985938         3943        71.11
       1.915     0.987500         3950        80.00
       1.927     0.989062         3956        91.43
       1.940     0.990625         3962       106.67
       1.957     0.992188         3968       128.00
       1.974     0.992969         3971       142.22
       2.003     0.993750         3975       160.00
       2.011     0.994531         3978       182.86
       2.040     0.995313         3981       213.33
       2.085     0.996094         3984       256.00
       2.089     0.996484         3985       284.44
       2.113     0.996875         3987       320.00
       2.117     0.997266         3989       365.71
       2.147     0.997656         3990       426.67
       2.175     0.998047         3992       512.00
       2.175     0.998242         3992       568.89
       2.269     0.998437         3993       640.00
       2.299     0.998633         3994       731.43
       2.507     0.998828         3995       853.33
       3.265     0.999023         3996      1024.00
       3.265     0.999121         3996      1137.78
       3.265     0.999219         3996      1280.00
       4.835     0.999316         3997      1462.86
       4.835     0.999414         3997      1706.67
       7.571     0.999512         3998      2048.00
       7.571     0.999561         3998      2275.56
       7.571     0.999609         3998      2560.00
       7.571     0.999658         3998      2925.71
       7.571     0.999707         3998      3413.33
       9.255     0.999756         3999      4096.00
       9.255     1.000000         3999          inf
#[Mean    =        1.268, StdDeviation   =        0.355]
#[Max     =        9.248, Total count    =         3999]
#[Buckets =           27, SubBuckets     =         2048]
----------------------------------------------------------
  6001 requests in 30.00s, 468.83KB read
Requests/sec:    200.02
Transfer/sec:     15.63KB
