Running 30s test @ http://127.0.0.1:8081
  1 threads and 1 connections
  Thread calibration: mean lat.: 1.208ms, rate sampling interval: 10ms
  Thread Stats   Avg      Stdev     Max   +/- Stdev
    Latency     1.16ms  338.89us   7.55ms   67.79%
    Req/Sec   209.03     18.71   333.00     98.00%
  Latency Distribution (HdrHistogram - Recorded Latency)
 50.000%    1.16ms
 75.000%    1.39ms
 90.000%    1.58ms
 99.000%    1.84ms
 99.900%    2.49ms
 99.990%    7.55ms
 99.999%    7.55ms
100.000%    7.55ms

  Detailed Percentile spectrum:
       Value   Percentile   TotalCount 1/(1-Percentile)

       0.266     0.000000            1         1.00
       0.746     0.100000          403         1.11
       0.864     0.200000          803         1.25
       0.954     0.300000         1204         1.43
       1.050     0.400000         1604         1.67
       1.158     0.500000         2003         2.00
       1.208     0.550000         2208         2.22
       1.252     0.600000         2400         2.50
       1.294     0.650000         2600         2.86
       1.341     0.700000         2803         3.33
       1.391     0.750000         3002         4.00
       1.421     0.775000         3102         4.44
       1.450     0.800000         3200         5.00
       1.481     0.825000         3304         5.71
       1.516     0.850000         3401         6.67
       1.543     0.875000         3500         8.00
       1.562     0.887500         3551         8.89
       1.577     0.900000         3602        10.00
       1.593     0.912500         3652        11.43
       1.603     0.925000         3700        13.33
       1.621     0.937500         3752        16.00
       1.630     0.943750         3775        17.78
       1.636     0.950000         3800        20.00
       1.646     0.956250         3826        22.86
       1.658     0.962500         3850        26.67
       1.699     0.968750         3875        32.00
       1.712     0.971875         3887        35.56
       1.725     0.975000         3900        40.00
       1.738     0.978125         3912        45.71
       1.754     0.981250         3926        53.33
       1.766     0.984375         3937        64.00
       1.781     0.985938         3943        71.11
       1.793     0.987500         3950        80.00
       1.821     0.989062         3956        91.43
       1.840     0.990625         3962       106.67
       1.872     0.992188         3968       128.00
       1.890     0.992969         3971       142.22
       1.928     0.993750         3975       160.00
       1.937     0.994531         3978       182.86
       1.974     0.995313         3981       213.33
       2.044     0.996094         3984       256.00
       2.059     0.996484         3985       284.44
       2.107     0.996875         3987       320.00
       2.117     0.997266         3989       365.71
       2.145     0.997656         3990       426.67
       2.295     0.998047         3992       512.00
       2.295     0.998242         3992       568.89
       2.319     0.998437         3993       640.00
       2.383     0.998633         3994       731.43
       2.491     0.998828         3995       853.33
       3.005     0.999023         3996      1024.00
       3.005     0.999121         3996      1137.78
       3.005     0.999219         3996      1280.00
       3.027     0.999316         3997      1462.86
       3.027     0.999414         3997      1706.67
       5.107     0.999512         3998      2048.00
       5.107     0.999561         3998      2275.56
       5.107     0.999609         3998      2560.00
       5.107     0.999658         3998      2925.71
       5.107     0.999707         3998      3413.33
       7.551     0.999756         3999      4096.00
       7.551     1.000000         3999          inf
#[Mean    =        1.158, StdDeviation   =        0.339]
#[Max     =        7.548, Total count    =         3999]
#[Buckets =           27, SubBuckets     =         2048]
----------------------------------------------------------
  6001 requests in 30.00s, 500.34KB read
  Non-2xx or 3xx responses: 1
Requests/sec:    200.02
Transfer/sec:     16.68KB
