Running 30s test @ http://127.0.0.1:8081
  1 threads and 1 connections
  Thread calibration: mean lat.: 1.027ms, rate sampling interval: 10ms
  Thread Stats   Avg      Stdev     Max   +/- Stdev
    Latency     1.04ms  340.13us   9.09ms   66.87%
    Req/Sec   208.30     46.42   333.00     83.06%
  Latency Distribution (HdrHistogram - Recorded Latency)
 50.000%    1.05ms
 75.000%    1.29ms
 90.000%    1.43ms
 99.000%    1.60ms
 99.900%    2.85ms
 99.990%    9.10ms
 99.999%    9.10ms
100.000%    9.10ms

  Detailed Percentile spectrum:
       Value   Percentile   TotalCount 1/(1-Percentile)

       0.251     0.000000            1         1.00
       0.618     0.100000          401         1.11
       0.729     0.200000          800         1.25
       0.833     0.300000         1201         1.43
       0.938     0.400000         1603         1.67
       1.050     0.500000         2000         2.00
       1.100     0.550000         2203         2.22
       1.147     0.600000         2403         2.50
       1.193     0.650000         2600         2.86
       1.242     0.700000         2802         3.33
       1.295     0.750000         3003         4.00
       1.320     0.775000         3100         4.44
       1.347     0.800000         3205         5.00
       1.365     0.825000         3303         5.71
       1.386     0.850000         3400         6.67
       1.408     0.875000         3501         8.00
       1.417     0.887500         3552         8.89
       1.428     0.900000         3602        10.00
       1.438     0.912500         3650        11.43
       1.453     0.925000         3701        13.33
       1.468     0.937500         3752        16.00
       1.476     0.943750         3775        17.78
       1.486     0.950000         3801        20.00
       1.494     0.956250         3825        22.86
       1.506     0.962500         3851        26.67
       1.522     0.968750         3880        32.00
       1.525     0.971875         3891        35.56
       1.530     0.975000         3901        40.00
       1.537     0.978125         3912        45.71
       1.551     0.981250         3925        53.33
       1.563     0.984375         3937        64.00
       1.574     0.985938         3943        71.11
       1.583     0.987500         3950        80.00
       1.590     0.989062         3956        91.43
       1.606     0.990625         3963       106.67
       1.627     0.992188         3968       128.00
       1.631     0.992969         3972       142.22
       1.648     0.993750         3975       160.00
       1.659     0.994531         3978       182.86
       1.674     0.995313         3981       213.33
       1.722     0.996094         3984       256.00
       1.731     0.996484         3985       284.44
       1.753     0.996875         3987       320.00
       1.856     0.997266         3989       365.71
       1.920     0.997656         3990       426.67
       2.045     0.998047         3992       512.00
       2.045     0.998242         3992       568.89
       2.459     0.998437         3993       640.00
       2.833     0.998633         3994       731.43
       2.849     0.998828         3995       853.33
       2.891     0.999023         3996      1024.00
       2.891     0.999121         3996      1137.78
       2.891     0.999219         3996      1280.00
       3.453     0.999316         3997      1462.86
       3.453     0.999414         3997      1706.67
       4.515     0.999512         3998      2048.00
       4.515     0.999561         3998      2275.56
       4.515     0.999609         3998      2560.00
       4.515     0.999658         3998      2925.71
       4.515     0.999707         3998      3413.33
       9.095     0.999756         3999      4096.00
       9.095     1.000000         3999          inf
#[Mean    =        1.040, StdDeviation   =        0.340]
#[Max     =        9.088, Total count    =         3999]
#[Buckets =           27, SubBuckets     =         2048]
----------------------------------------------------------
  6001 requests in 30.00s, 500.34KB read
  Non-2xx or 3xx responses: 1
Requests/sec:    200.02
Transfer/sec:     16.68KB
