Running 30s test @ http://127.0.0.1:8081
  1 threads and 1 connections
  Thread calibration: mean lat.: 1.050ms, rate sampling interval: 10ms
  Thread Stats   Avg      Stdev     Max   +/- Stdev
    Latency     1.08ms  361.77us   8.55ms   66.64%
    Req/Sec   206.57     26.11   333.00     93.93%
  Latency Distribution (HdrHistogram - Recorded Latency)
 50.000%    1.07ms
 75.000%    1.36ms
 90.000%    1.50ms
 99.000%    1.68ms
 99.900%    2.48ms
 99.990%    8.56ms
 99.999%    8.56ms
100.000%    8.56ms

  Detailed Percentile spectrum:
       Value   Percentile   TotalCount 1/(1-Percentile)

       0.323     0.000000            1         1.00
       0.647     0.100000          408         1.11
       0.745     0.200000          801         1.25
       0.868     0.300000         1200         1.43
       0.974     0.400000         1602         1.67
       1.068     0.500000         2003         2.00
       1.126     0.550000         2207         2.22
       1.188     0.600000         2403         2.50
       1.231     0.650000         2602         2.86
       1.296     0.700000         2802         3.33
       1.358     0.750000         3005         4.00
       1.379     0.775000         3100         4.44
       1.405     0.800000         3204         5.00
       1.429     0.825000         3301         5.71
       1.452     0.850000         3403         6.67
       1.475     0.875000         3505         8.00
       1.485     0.887500         3554         8.89
       1.497     0.900000         3601        10.00
       1.510     0.912500         3651        11.43
       1.533     0.925000         3702        13.33
       1.554     0.937500         3752        16.00
       1.566     0.943750         3776        17.78
       1.576     0.950000         3801        20.00
       1.586     0.956250         3825        22.86
       1.601     0.962500         3851        26.67
       1.617     0.968750         3876        32.00
       1.623     0.971875         3888        35.56
       1.631     0.975000         3900        40.00
       1.642     0.978125         3913        45.71
       1.649     0.981250         3927        53.33
       1.657     0.984375         3937        64.00
       1.660     0.985938         3944        71.11
       1.669     0.987500         3950        80.00
       1.675     0.989062         3957        91.43
       1.679     0.990625         3963       106.67
       1.686     0.992188         3968       128.00
       1.693     0.992969         3972       142.22
       1.696     0.993750         3975       160.00
       1.707     0.994531         3978       182.86
       1.723     0.995313         3981       213.33
       1.733     0.996094         3984       256.00
       1.738     0.996484         3985       284.44
       1.772     0.996875         3987       320.00
       1.880     0.997266         3989       365.71
       1.923     0.997656         3990       426.67
       2.111     0.998047         3992       512.00
       2.111     0.998242         3992       568.89
       2.241     0.998437         3993       640.00
       2.461     0.998633         3994       731.43
       2.485     0.998828         3995       853.33
       3.215     0.999023         3996      1024.00
       3.215     0.999121         3996      1137.78
       3.215     0.999219         3996      1280.00
       3.947     0.999316         3997      1462.86
       3.947     0.999414         3997      1706.67
       7.831     0.999512         3998      2048.00
       7.831     0.999561         3998      2275.56
       7.831     0.999609         3998      2560.00
       7.831     0.999658         3998      2925.71
       7.831     0.999707         3998      3413.33
       8.559     0.999756         3999      4096.00
       8.559     1.000000         3999          inf
#[Mean    =        1.083, StdDeviation   =        0.362]
#[Max     =        8.552, Total count    =         3999]
#[Buckets =           27, SubBuckets     =         2048]
----------------------------------------------------------
  6001 requests in 30.00s, 468.83KB read
Requests/sec:    200.02
Transfer/sec:     15.63KB
